-11.5997 -8019.23
-71.0838 -3524.95
0.380785 -3509.74
-4.07697 -3043.46
-1.28394 -2681.31
-0.619421 -2334.38
-0.580791 -2122.86
-0.477858 -2036.79
-0.427407 -2122.86
-0.378267 -2334.38
-0.368622 -2681.31
-0.379294 -3043.45
-0.42362 -3509.74
-0.482496 -3524.95
-0.558299 -8019.22
-0.627609 -3524.95
-0.694617 497.245
-0.707794 176.677
-1.03158 222.116
-1.07567 169.169
-0.68157 162
-0.5465 138.035
-0.446868 140.761
-0.386116 138.035
-0.339578 162
-0.327048 169.169
-0.339321 222.116
-0.381916 176.677
-0.44232 497.245
-0.516065 -3524.95
-0.587913 -3509.74
-0.650012 176.677
-0.697103 -91.5596
-0.68483 -21.4611
-0.692064 -41.1388
-0.60855 -23.4037
-0.489651 -29.0501
-0.394423 -20.867
-0.325557 -29.05
-0.280771 -23.4037
-0.265466 -41.1388
-0.278987 -21.461
-0.320163 -91.5596
-0.381378 176.677
-0.454222 -3509.74
-0.526558 -3043.46
-0.587998 222.116
-0.624853 -21.4611
-0.538611 34
-0.53194 9.84114
-0.488187 19.8837
-0.40822 11.0768
-0.323703 17
-0.254647 11.0768
-0.209886 19.8837
-0.193639 9.84111
-0.207259 34
-0.247848 -21.4611
-0.309239 222.116
-0.381498 -3043.46
-0.454282 -2681.31
-0.516018 169.169
-0.560729 -41.1388
-0.511479 9.84114
-0.461228 -8.64243
-0.396157 2.31786
-0.324045 -3.8965
-0.2477 1.78702
-0.182254 -3.8965
-0.138045 2.31786
-0.121992 -8.64242
-0.135315 9.84115
-0.175939 -41.1388
-0.236894 169.169
-0.309317 -2681.31
-0.381309 -2334.38
-0.442373 162
-0.480113 -23.4037
-0.396153 19.8837
-0.370977 2.31786
-0.32349 10.7553
-0.254384 4.53323
-0.182514 9.23907
-0.119377 4.53323
-0.0768067 10.7553
-0.0609574 2.31785
-0.0746482 19.8837
-0.114978 -23.4037
-0.176101 162
-0.247934 -2334.38
-0.320422 -2122.86
-0.381945 138.035
-0.426214 -29.0501
-0.410953 11.0768
-0.356742 -3.8965
-0.283961 4.53323
-0.211224 -0.572714
-0.138705 3.87359
-0.0773718 -0.572711
-0.0354502 4.53323
-0.0205001 -3.8965
-0.034218 11.0768
-0.0749771 -29.0501
-0.13569 138.035
-0.207735 -2122.86
-0.279035 -2036.79
-0.339464 140.761
-0.376273 -20.867
-0.331205 17
-0.307533 1.78702
-0.263053 9.23907
-0.194169 3.87359
-0.123714 8
-0.0622881 3.87359
-0.0213394 9.23907
-0.00648439 1.78701
-0.0209917 17
-0.0617427 -20.867
-0.123034 140.761
-0.194352 -2036.79
-0.266314 -2122.86
-0.327283 138.035
-0.372639 -29.05
-0.426786 11.0768
-0.365168 -3.8965
-0.285074 4.53323
-0.211327 -0.572711
-0.138387 3.87359
-0.0774898 -0.572709
-0.0359368 4.53323
-0.0218278 -3.89649
-0.0364516 11.0768
-0.078467 -29.05
-0.139811 138.035
-0.211818 -2122.86
-0.281573 -2334.38
-0.340253 162
-0.3728 -23.4037
-0.359141 19.8837
-0.351503 2.31786
-0.319938 10.7553
-0.252488 4.53323
-0.18195 9.23907
-0.119125 4.53323
-0.0778066 10.7553
-0.0630646 2.31786
-0.0790219 19.8837
-0.121784 -23.4037
-0.185837 162
-0.257916 -2334.38
-0.328896 -2681.31
-0.387266 169.169
-0.436686 -41.1388
-0.583037 9.84111
-0.494167 -8.64242
-0.397809 2.31785
-0.323083 -3.8965
-0.245786 1.78701
-0.182158 -3.89649
-0.138723 2.31786
-0.124741 -8.64241
-0.140454 9.84113
-0.186002 -41.1388
-0.25285 169.169
-0.331379 -2681.31
-0.400141 -3043.45
-0.451435 222.116
-0.462706 -21.461
-0.395774 34
-0.468877 9.84115
-0.477795 19.8837
-0.401407 11.0768
-0.322353 17
-0.253175 11.0768
-0.211425 19.8837
-0.194946 9.84113
-0.2133 34
-0.257071 -21.461
-0.332108 222.116
-0.419518 -3043.45
-0.509605 -3509.74
-0.557248 176.677
-0.619741 -91.5596
-0.985799 -21.4611
-0.777741 -41.1388
-0.596538 -23.4037
-0.485071 -29.0501
-0.392419 -20.867
-0.323813 -29.05
-0.283072 -23.4037
-0.264427 -41.1388
-0.285643 -21.461
-0.324249 -91.5595
-0.405259 176.677
-0.500453 -3509.74
-0.649748 -3524.95
-0.7479 497.245
-0.540528 176.677
-0.210428 222.116
-0.811484 169.169
-0.681861 162
-0.523643 138.035
-0.460767 140.761
-0.371266 138.035
-0.355127 162
-0.310252 169.169
-0.362338 222.116
-0.35837 176.677
-0.490891 497.244
-0.49672 -3524.95
-0.804134 -8019.22
-1.13604 -3524.95
-2.36323 -3509.74
-6.89853 -3043.46
-1.37556 -2681.31
-0.631619 -2334.38
-0.553737 -2122.86
-0.502395 -2036.79
-0.401932 -2122.86
-0.406202 -2334.38
-0.335705 -2681.31
-0.422309 -3043.45
-0.364947 -3509.74
-0.577761 -3524.95
-0.407307 -8019.22
