-11.7104 -489.245
-66.2199 -177.045
0.511541 -154
-11.5659 -125.347
-2.69367 -154
-0.481492 -177.045
-0.549186 -489.245
-0.475968 -177.045
-0.74264 34
-0.720014 11.0452
-1.68504 17
-1.87758 11.0452
-0.684663 34
-0.392347 -177.045
-0.370857 -154
-0.53539 11.0452
-0.731365 -2.75527
-0.833244 3.34672
-0.739663 -2.75527
-0.455874 11.0452
-0.240816 -154
-0.236554 -125.347
-0.37263 17
-0.476619 3.34672
-0.196152 8
-0.297873 3.34671
-0.240108 17
-0.143281 -125.347
-0.202544 -154
-0.33539 11.0452
-0.534794 -2.75527
-0.979747 3.34671
-0.528559 -2.75526
-0.247935 11.0452
-0.200985 -154
-0.328203 -177.045
-0.547173 34
-0.420269 11.0452
0.0468018 17
-0.334389 11.0452
-0.446096 34
-0.253949 -177.045
-0.612701 -489.245
-1.06004 -177.045
-2.48425 -154
-6.84907 -125.347
-0.661652 -154
-0.740642 -177.045
-0.186282 -489.244
